Time,X,Y,Z
17:34:59,2.561358452,34506.0,0.0
17:34:59,2.561692715,3.505489111,2.559113026
17:34:59,2.561421871,3.506470442,2.559152842
17:34:59,2.561953545,3.505581617,2.558556557
17:34:59,2.561257839,3.506400585,2.558411837
17:34:59,2.562174082,3.506116867,2.558499336
17:34:59,2.561582088,3.506046057,2.559716702
17:34:59,2.561197519,3.505465269,2.558442831
17:34:59,2.561732292,3.505453587,2.558402061
17:34:59,2.560804129,3.5058074,2.558283091
17:34:59,2.561451674,3.505280972,2.558424473
17:34:59,2.561087847,3.505975008,2.559010029
17:34:59,2.561890602,3.506325722,2.557967663
17:34:59,2.56085968,3.505811691,2.557605267
17:34:59,2.561220884,3.505117655,2.558173656
17:34:59,2.56022191,3.50567174,2.558307886
17:34:59,2.560513973,3.504969835,2.558681726
17:34:59,2.56063962,3.504935265,2.558792591
17:34:59,2.561419249,3.504393339,2.55723238
17:34:59,2.560837507,3.504386187,2.55737114
17:34:59,2.560799122,3.504148006,2.558029175
17:34:59,2.560459375,3.504312277,2.558720112
17:34:59,2.561475992,3.504593372,2.558466673
17:34:59,2.561193228,3.50418067,2.559176207
17:34:59,2.560644627,3.504473686,2.558186531
17:34:59,2.561524153,3.505113363,2.558284283
17:34:59,2.561034679,3.504862547,2.55897212
17:34:59,2.560908556,3.505202532,2.558191776
17:34:59,2.561632872,3.504893303,2.557489872
17:34:59,2.561355591,3.504426956,2.558142424
17:34:59,2.561597347,3.504323483,2.559086323
17:34:59,2.562119961,3.505509853,2.558637619
17:34:59,2.561741829,3.505661964,2.558474541
17:34:59,2.561454535,3.50526166,2.558932543
17:34:59,2.561708212,3.505463123,2.558863401
17:34:59,2.561315775,3.505922079,2.55954814
17:34:59,2.561362743,3.50565505,2.559120178
17:34:59,2.561561823,3.505713224,2.558129311
17:34:59,2.561211586,3.505960941,2.557724237
17:34:59,2.561423779,3.504311562,2.55881834
17:34:59,2.56157732,3.505143404,2.559144258
17:34:59,2.560996294,3.506070852,2.559032202
17:34:59,2.561738014,3.506453514,2.559081793
17:34:59,2.561551809,3.505545616,2.557984829
17:34:59,2.561377287,3.506832123,2.559086323
17:34:59,2.561764956,3.505903482,2.558195829
17:34:59,2.56176281,3.506431103,2.558741093
17:34:59,2.561392069,3.505949974,2.558043242
17:34:59,2.560829401,3.506151915,2.558740377
17:34:59,2.560455561,3.506332159,2.558670044
17:34:59,2.561342001,3.506226301,2.558581591
17:34:59,2.56152463,3.505984545,2.55891943
17:34:59,2.561637878,3.506164551,2.557757616
17:34:59,2.561205149,3.505375385,2.557175159
17:34:59,2.560989141,3.505064964,2.558660984
17:34:59,2.562087059,3.50604558,2.559065342
17:34:59,2.561452866,3.505854845,2.558174849
17:34:59,2.561461449,3.50505662,2.559157848
17:34:59,2.561367035,3.504981756,2.558917999
17:34:59,2.560314894,3.504221916,2.55740118
17:34:59,2.560374737,3.504694223,2.559152842
17:34:59,2.560318708,3.505591393,2.559177399
17:34:59,2.560999393,3.504865646,2.558881044
17:34:59,2.561004162,3.50470829,2.558301926
17:34:59,2.56157279,3.503897429,2.558527231
17:34:59,2.560803652,3.503372908,2.55852294
17:34:59,2.561458349,3.504215479,2.559641838
17:34:59,2.561384201,3.503262281,2.558158636
17:34:59,2.561445951,3.504206419,2.558470011
17:34:59,2.561187506,3.50351882,2.557297468
17:34:59,2.560409307,3.504287481,2.558707714
17:34:59,2.560966253,3.504273176,2.55757618
17:34:59,2.560726166,3.504873514,2.558359385
17:34:59,2.561139345,3.504815102,2.558081627
17:34:59,2.56176877,3.504789352,2.557924986
17:34:59,2.561667919,3.504499674,2.558815956
17:34:59,2.561097622,3.504944324,2.558126211
17:34:59,2.561201811,3.505142927,2.558129311
17:34:59,2.560717106,3.505487919,2.558010817
17:34:59,2.561300755,3.50604558,2.558224678
17:34:59,2.561708212,3.505599737,2.557999134
17:34:59,2.560467243,3.505663395,2.557605267
17:34:59,2.561354399,3.505645275,2.558144093
17:34:59,2.561356068,3.50603652,2.557413578
17:34:59,2.561231136,3.506453514,2.558482647
17:34:59,2.560957193,3.506899118,2.557368994
17:34:59,2.561464071,3.506525755,2.557942629
17:34:59,2.561517715,3.506514788,2.558860779
17:34:59,2.561116695,3.506666422,2.558083773
17:34:59,2.561432123,3.507152557,2.558419943
17:34:59,2.56111598,3.506730556,2.558063507
17:34:59,2.561658621,3.506608009,2.558289528
17:34:59,2.560684443,3.50611639,2.559189796
17:34:59,2.561304092,3.5058465,2.558858871
17:34:59,2.561242819,3.505725861,2.558162451
17:34:59,2.561412096,3.505401611,2.557884932
17:34:59,2.560620785,3.505054474,2.557538033
17:34:59,2.560614109,3.504877329,2.558162451
17:34:59,2.560945511,3.505289793,2.558380365
17:34:59,2.561170101,3.504960299,2.557492733
17:34:59,2.561315775,3.503746986,2.558344841
17:34:59,2.561091185,3.504642725,2.558320045
17:34:59,2.560734749,3.504803896,2.559062243
17:34:59,2.561860561,3.504983902,2.559046507
17:34:59,2.561603785,3.504673481,2.558109283
17:34:59,2.561404943,3.504103661,2.558841944
17:34:59,2.561220407,3.50443244,2.558227539
17:34:59,2.56080699,3.504474401,2.559459448
17:34:59,2.560862303,3.504347086,2.558733702
17:35:00,2.559952974,3.504625559,2.559350967
17:35:00,2.561496735,3.505897284,2.559011459
17:35:00,2.560322762,3.505097628,2.55808568
17:35:00,2.561425686,3.505520821,2.558408976
17:35:00,2.561123848,3.505535841,2.557468176
17:35:00,2.561848164,3.505605459,2.557865381
17:35:00,2.561790705,3.506023169,2.558410883
17:35:00,2.561675072,3.505768538,2.559124231
17:35:00,2.561121225,3.505288839,2.558264256
17:35:00,2.560670853,3.505793095,2.557578087
17:35:00,2.561774731,3.506497383,2.558191776
17:35:00,2.561862469,3.506208181,2.558572292
17:35:00,2.560717821,3.506957769,2.558350086
17:35:00,2.561247587,3.506159544,2.558053732
17:35:00,2.561352968,3.505386829,2.557576895
17:35:00,2.561766863,3.505385637,2.558133125
17:35:00,2.561364651,3.505737782,2.557678461
17:35:00,2.561486483,3.505491972,2.558550835
17:35:00,2.561007261,3.504805565,2.558082342
17:35:00,2.56153965,3.505372286,2.559775591
17:35:00,2.561335802,3.505369663,2.559120178
17:35:00,2.561826706,3.505004406,2.55889082
17:35:00,2.561434031,3.504805565,2.558485031
17:35:00,2.561392546,3.505735397,2.557517767
17:35:00,2.561224699,3.504838943,2.558043242
17:35:00,2.561485052,3.504837513,2.558867931
17:35:00,2.561622858,3.505231619,2.559122324
17:35:00,2.561068296,3.505460978,2.558008671
17:35:00,2.561486959,3.504635096,2.558561087
17:35:00,2.560965061,3.504559755,2.558946848
17:35:00,2.561023712,3.504864454,2.558998346
17:35:00,2.56197381,3.505116224,2.558020353
17:35:00,2.561322451,3.50544095,2.559862137
17:35:00,2.561633348,3.505717278,2.557832479
17:35:00,2.561618328,3.505683899,2.559012651
17:35:00,2.56093049,3.505181313,2.559493303
17:35:00,2.561103106,3.505460978,2.5577209
17:35:00,2.560238838,3.505455732,2.559690714
17:35:00,2.561040401,3.505665779,2.558156013
17:35:00,2.56136322,3.50631547,2.558423042
17:35:00,2.561056137,3.505172253,2.558554173
17:35:00,2.561421871,3.505485296,2.559107542
17:35:00,2.560946226,3.505701065,2.558643341
17:35:00,2.561544895,3.504883766,2.558849096
17:35:00,2.560661316,3.505499363,2.558873177
17:35:00,2.56137681,3.505729914,2.558303833
17:35:00,2.562011957,3.505464077,2.558126211
17:35:00,2.561248064,3.505864382,2.559560299
17:35:00,2.561004162,3.505350828,2.558147669
17:35:00,2.560785294,3.505505085,2.558299303
17:35:00,2.561212778,3.504884958,2.557686567
17:35:00,2.561332703,3.505366325,2.558191776
17:35:00,2.560926676,3.505469799,2.558635473
17:35:00,2.561107635,3.505801439,2.558217049
17:35:00,2.561223984,3.505133152,2.558546782
17:35:00,2.561496735,3.506291866,2.557982206
17:35:00,2.560530186,3.505251408,2.557337046
17:35:00,2.561039209,3.506243706,2.559493303
17:35:00,2.561749935,3.505568743,2.557554007
17:35:00,2.56093502,3.505964756,2.558128119
17:35:00,2.56119132,3.504915714,2.558013916
17:35:00,2.560974598,3.504915237,2.557797194
17:35:00,2.561624289,3.50603652,2.559504509
17:35:00,2.560810089,3.505350828,2.557624102
17:35:00,2.560770988,3.504601717,2.558625221
17:35:00,2.560807705,3.505163431,2.557543278
17:35:00,2.560959816,3.504924774,2.558810711
17:35:00,2.561172009,3.504772663,2.559685469
17:35:00,2.560898066,3.505587339,2.558395624
17:35:00,2.559995413,3.506172419,2.558329344
17:35:00,2.561371803,3.504946709,2.558741808
17:35:00,2.560682535,3.505416393,2.557271481
17:35:00,2.560858965,3.505168438,2.55903101
17:35:00,2.561384201,3.504890919,2.558302641
17:35:00,2.560862303,3.504907608,2.55822897
17:35:00,2.560583591,3.505005121,2.558251143
17:35:00,2.560355663,3.504889011,2.559979439
17:35:00,2.560862303,3.505616903,2.558853149
17:35:00,2.561066389,3.505674124,2.558530569
17:35:00,2.561521292,3.505400658,2.557939053
17:35:00,2.560950279,3.505240202,2.558332443
17:35:00,2.560773849,3.504886389,2.556693077
17:35:00,2.561037064,3.50518775,2.558281183
17:35:00,2.561774731,3.505125999,2.559122801
17:35:00,2.560721636,3.505672932,2.558012724
17:35:00,2.561159611,3.505173683,2.558730125
17:35:00,2.561150312,3.505561113,2.55895257
17:35:00,2.561297655,3.504663229,2.559188366
17:35:00,2.560884237,3.504472017,2.558815956
17:35:00,2.560853004,3.505038738,2.557700634
17:35:00,2.560518742,3.505059958,2.558120966
17:35:00,2.560894012,3.504395247,2.558879614
17:35:00,2.561329365,3.504584551,2.558777332
17:35:00,2.560584068,3.504893303,2.558115721
17:35:00,2.560973883,3.504556656,2.558487415
17:35:00,2.561519623,3.504462481,2.558116436
17:35:00,2.560277939,3.504297256,2.557513714
17:35:00,2.560357094,3.504328012,2.557671547
17:35:00,2.560801744,3.504403591,2.558241367
17:35:00,2.56217289,3.505146027,2.558645248
17:35:00,2.560972214,3.504523277,2.558175564
17:35:00,2.560534,3.504950523,2.558330059
17:35:00,2.561062574,3.504996777,2.558520317
17:35:00,2.560869455,3.504696369,2.557905436
17:35:00,2.560657263,3.504202127,2.557808399
17:35:00,2.560960531,3.504166126,2.558068752
17:35:00,2.561011076,3.504359245,2.558597803
17:35:00,2.560791254,3.505064249,2.557798386
17:35:00,2.560653925,3.505558491,2.558747053
17:35:00,2.561061859,3.505931377,2.558659077
17:35:00,2.56114316,3.50586009,2.557518482
17:35:00,2.560875893,3.504989147,2.557624578
17:35:00,2.561173916,3.505444527,2.558155298
17:35:00,2.560585022,3.504168987,2.558184147
17:35:00,2.561452866,3.505202532,2.558171034
17:35:01,2.561154366,3.50493145,2.558414459
17:35:01,2.56134057,3.505258322,2.558902025
17:35:01,2.56064415,3.504890442,2.55760169
17:35:01,2.561844349,3.504966021,2.55758357
17:35:01,2.561097145,3.505708218,2.557995081
17:35:01,2.561155558,3.505480051,2.558198214
17:35:01,2.561210394,3.505255222,2.557685852
17:35:01,2.561121941,3.505630732,2.557967424
17:35:01,2.561218262,3.506046772,2.558404922
17:35:01,2.560972929,3.504966736,2.558036327
17:35:01,2.56106472,3.505294323,2.558841467
17:35:01,2.561532259,3.505173683,2.558830261
17:35:01,2.561141968,3.505604267,2.558009624
17:35:01,2.560431957,3.505120993,2.559086323
17:35:01,2.561248779,3.505703688,2.558259487
17:35:01,2.561108112,3.505678177,2.558012724
17:35:01,2.561121225,3.505256414,2.559259415
17:35:01,2.561509848,3.505438566,2.558631659
17:35:01,2.56135726,3.505210161,2.558499813
17:35:01,2.561255932,3.504592896,2.55838871
17:35:01,2.561136723,3.50430131,2.55851388
17:35:01,2.560542583,3.504858017,2.558701277
17:35:01,2.560612917,3.503722429,2.558260918
17:35:01,2.5607059,3.504612684,2.559360504
17:35:01,2.560903788,3.503823996,2.55792284
17:35:01,2.560189962,3.505014658,2.557702065
17:35:01,2.561366081,3.505250216,2.55888319
17:35:01,2.560925245,3.505018234,2.557393789
17:35:01,2.560889721,3.505086899,2.558429718
17:35:01,2.5613482,3.504789352,2.558315039
17:35:01,2.561509848,3.505731821,2.558862686
17:35:01,2.560293198,3.504686117,2.557449341
17:35:01,2.56072855,3.50486517,2.559651136
17:35:01,2.561059952,3.504929543,2.558275938
17:35:01,2.56089139,3.50523901,2.557808399
17:35:01,2.561417341,3.505290508,2.557655811
17:35:01,2.56113553,3.505649805,2.558817148
17:35:01,2.56151104,3.505293608,2.557347298
17:35:01,2.560623884,3.505354166,2.558127403
17:35:01,2.560504913,3.50591135,2.558358669
17:35:01,2.561480999,3.505278587,2.558378458
17:35:01,2.561416149,3.505330801,2.558430433
17:35:01,2.561578512,3.505375385,2.557254076
17:35:01,2.561074972,3.505674124,2.557955027
17:35:01,2.560808182,3.505312204,2.558810711
17:35:01,2.561141968,3.505439043,2.559839725
17:35:01,2.561036348,3.505919218,2.558472872
17:35:01,2.561737061,3.505243778,2.557966709
17:35:01,2.561287165,3.505373478,2.558477163
17:35:01,2.561560631,3.505190849,2.558171749
17:35:01,2.56085968,3.504979372,2.558135748
17:35:01,2.561436892,3.505505085,2.558012724
17:35:01,2.561453819,3.505442619,2.557408333
17:35:01,2.560709715,3.505241156,2.557887077
17:35:01,2.561231613,3.505554438,2.559049845
17:35:01,2.560801029,3.505632639,2.557614088
17:35:01,2.560769796,3.504879475,2.557221889
17:35:01,2.561074972,3.504824162,2.558564663
17:35:01,2.56098628,3.505247593,2.558512926
17:35:01,2.562005997,3.505149841,2.557561398
17:35:01,2.561230659,3.504568815,2.55840683
17:35:01,2.56080699,3.504450083,2.559346199
17:35:01,2.560862303,3.50445056,2.557718992
17:35:01,2.560952663,3.503745556,2.558198214
17:35:01,2.560303211,3.50385952,2.557901382
17:35:01,2.561484098,3.504104376,2.55905056
17:35:01,2.560568094,3.504096985,2.558452606
17:35:01,2.561022997,3.504379511,2.557291746
17:35:01,2.560532808,3.504351616,2.558000326
17:35:01,2.561270952,3.504202127,2.558104515
17:35:01,2.560951471,3.505057335,2.558724165
17:35:01,2.561438084,3.504898787,2.558823109
17:35:01,2.561150312,3.505802631,2.557976961
17:35:01,2.561075926,3.505810976,2.558116913
17:35:01,2.560929775,3.50530529,2.55897212
17:35:01,2.561418533,3.505577803,2.558135748
17:35:01,2.561444044,3.505783558,2.558361292
17:35:01,2.561270237,3.505120993,2.558688402
17:35:01,2.561689377,3.505657911,2.55893898
17:35:01,2.561450481,3.505565643,2.558127403
17:35:01,2.561164141,3.505773306,2.559279203
17:35:01,2.561063528,3.505804539,2.557735205
17:35:01,2.561041832,3.506500006,2.55875659
17:35:01,2.561173201,3.505972147,2.559133768
17:35:01,2.56086278,3.505778313,2.558224678
17:35:01,2.560858488,3.506050825,2.557900667
17:35:01,2.561199427,3.50633359,2.559556007
17:35:01,2.560443878,3.506421566,2.557883263
17:35:01,2.560445786,3.50587678,2.558311224
17:35:01,2.561141253,3.505623579,2.557860374
17:35:01,2.560941696,3.505879164,2.558702946
17:35:01,2.560503006,3.505237341,2.559013844
17:35:01,2.561211586,3.504284143,2.557987452
17:35:01,2.560467243,3.50417304,2.557897329
17:35:01,2.560590267,3.505478144,2.559512854
17:35:01,2.561176777,3.505237341,2.559419155
17:35:01,2.561064005,3.505636692,2.559408665
17:35:01,2.56048274,3.505518675,2.558903933
17:35:01,2.560916901,3.504699945,2.558510303
17:35:01,2.561378956,3.504625559,2.558140516
17:35:01,2.560975552,3.504729271,2.558647156
17:35:01,2.561151743,3.504701138,2.558588028
17:35:01,2.561261892,3.504211664,2.559113741
17:35:01,2.561457634,3.50471282,2.558541059
17:35:01,2.561098337,3.504899263,2.558730602
17:35:01,2.561634541,3.504469156,2.558939695
17:35:01,2.561356544,3.504624128,2.55896306
17:35:01,2.561640501,3.504250765,2.558349133
17:35:01,2.561173201,3.504336834,2.558529854
17:35:01,2.561442614,3.504658937,2.557827234
17:35:01,2.561885834,3.504888535,2.559206724
17:35:01,2.561949015,3.50463438,2.558107138
17:35:01,2.561351538,3.505080938,2.55815649
17:35:01,2.561322451,3.504951954,2.558512926
17:35:01,2.560652018,3.505251408,2.557234049
17:35:01,2.56087923,3.505146027,2.559012651
17:35:01,2.560810089,3.505597115,2.558610678
17:35:01,2.561516285,3.505601645,2.558455706
17:35:01,2.561043024,3.50545907,2.557795286
17:35:02,2.561494827,3.505871296,2.557146311
17:35:02,2.561140776,3.505349159,2.558662891
17:35:02,2.561048746,3.506191015,2.55755043
17:35:02,2.561239719,3.506458282,2.558202505
17:35:02,2.561291218,3.505674839,2.557723522
17:35:02,2.560770988,3.506221056,2.558160067
17:35:02,2.561892271,3.50601244,2.557821274
17:35:02,2.562173367,3.505940914,2.55759263
17:35:02,2.561994791,3.50666523,2.556694508
17:35:02,2.561229229,3.506021976,2.55897212
17:35:02,2.56175828,3.506265402,2.55943346
17:35:02,2.561313868,3.505801439,2.559256792
17:35:02,2.560886145,3.50604558,2.558951378
17:35:02,2.561948299,3.505084515,2.557941914
17:35:02,2.561205864,3.505719662,2.559403419
17:35:02,2.560922623,3.505260944,2.558063984
17:35:02,2.560861588,3.505114555,2.558837891
17:35:02,2.56108427,3.504679918,2.55906105
17:35:02,2.561660051,3.505085468,2.558984041
