Time,X,Y,Z
12:46:19,2.524727821,19260597.0,0.0
12:46:19,2.524129868,3.422992468,2.31842947
12:46:19,2.524031878,3.423130512,2.319203377
12:46:19,2.524777412,3.422510624,2.318422794
12:46:19,2.52431345,3.422252655,2.320136309
12:46:19,2.523427963,3.423332691,2.320517063
12:46:19,2.524325848,3.422947645,2.319516659
12:46:19,2.523818731,3.422519445,2.317352057
12:46:19,2.524195194,3.423001528,2.320913315
12:46:19,2.524370193,3.423356533,2.321190596
12:46:19,2.524102211,3.423042059,2.317326307
12:46:19,2.524592161,3.423431396,2.3196311
12:46:19,2.52369523,3.422422171,2.319625378
12:46:19,2.524755716,3.423038006,2.319010258
12:46:19,2.524360418,3.422560453,2.318062544
12:46:19,2.524062395,3.4228158,2.318333149
12:46:19,2.524749041,3.423169136,2.319199562
12:46:19,2.52453661,3.423419476,2.319648981
12:46:19,2.525605679,3.422991991,2.317608118
12:46:19,2.524766922,3.422185183,2.318173647
12:46:19,2.524702549,3.422580719,2.319156647
12:46:19,2.524129152,3.422875404,2.317580223
12:46:19,2.524409056,3.42274785,2.318977594
12:46:19,2.524308205,3.422756433,2.319352388
12:46:19,2.524402618,3.42261529,2.320280075
12:46:19,2.52518034,3.423005581,2.31827116
12:46:19,2.524857044,3.422286749,2.317830086
12:46:19,2.52415204,3.42267251,2.318469048
12:46:19,2.524229765,3.422714233,2.317936897
12:46:19,2.52378583,3.423833847,2.318514347
12:46:19,2.524464607,3.422449827,2.318566322
12:46:19,2.524495125,3.422866821,2.319646835
12:46:19,2.524101019,3.422256708,2.319746256
12:46:19,2.523926258,3.423003197,2.317895651
12:46:19,2.524287701,3.422383308,2.317734241
12:46:19,2.524799109,3.422703505,2.318576336
12:46:19,2.524425507,3.423022032,2.319111109
12:46:19,2.524835348,3.42304945,2.318408251
12:46:19,2.524484634,3.423164368,2.319410563
12:46:19,2.524039507,3.422764301,2.318579674
12:46:19,2.524092436,3.422990799,2.318062544
12:46:19,2.525043011,3.422845364,2.3177948
12:46:19,2.524593353,3.422790527,2.318764925
12:46:19,2.524577856,3.422676086,2.317874908
12:46:19,2.524440527,3.422217607,2.318196297
12:46:19,2.525017977,3.422816992,2.319277287
12:46:19,2.524596691,3.422718763,2.319122791
12:46:19,2.524978399,3.423033237,2.320290565
12:46:20,2.524684191,3.422992706,2.31901288
12:46:20,2.524459362,3.422566175,2.318016052
12:46:20,2.523736,3.422815323,2.319712162
12:46:20,2.524868965,3.42244339,2.318027496
12:46:20,2.524321079,3.422306538,2.318976402
12:46:20,2.523992062,3.423631907,2.317721367
12:46:20,2.52454257,3.423259974,2.318996668
12:46:20,2.524500847,3.423063278,2.31942606
12:46:20,2.524728298,3.423418999,2.318241358
12:46:20,2.524054527,3.423420191,2.317909002
12:46:20,2.524756432,3.422837496,2.319476604
12:46:20,2.523861408,3.423448563,2.320209742
12:46:20,2.524076939,3.422411203,2.316627979
12:46:20,2.524512053,3.422736883,2.318585396
12:46:20,2.523646593,3.42273736,2.320254803
12:46:20,2.524978399,3.42266202,2.318274498
12:46:20,2.524330616,3.423103094,2.31868124
12:46:20,2.524535418,3.422434807,2.31978631
12:46:20,2.524299383,3.421943188,2.320064783
12:46:20,2.524024248,3.422317982,2.319333792
12:46:20,2.524998188,3.422859907,2.31868124
12:46:20,2.524762392,3.422689438,2.317440748
12:46:20,2.524671555,3.422885895,2.318438768
12:46:20,2.524456024,3.422132254,2.32011342
12:46:20,2.52411747,3.422924757,2.318132639
12:46:20,2.524148941,3.422108889,2.319554567
12:46:20,2.524016619,3.423110723,2.319139242
12:46:20,2.524246693,3.423778057,2.318823338
12:46:20,2.524356365,3.423382759,2.318246126
12:46:20,2.524458408,3.423131227,2.319103003
12:46:20,2.524926186,3.421882629,2.319549799
12:46:20,2.524780512,3.422727346,2.319664955
12:46:20,2.524859428,3.423005581,2.319422007
12:46:20,2.524529219,3.422540188,2.319192648
12:46:20,2.524170637,3.423140287,2.319731712
12:46:20,2.524328709,3.423184156,2.319594622
12:46:20,2.525327444,3.42287159,2.319509745
12:46:20,2.524189472,3.423554897,2.318199635
12:46:20,2.524421453,3.42212677,2.318539143
12:46:20,2.524370193,3.423541069,2.318921566
12:46:20,2.524291515,3.422909021,2.318745136
12:46:20,2.524776936,3.423313618,2.320044994
12:46:20,2.524769306,3.422733068,2.318946123
12:46:20,2.525034189,3.423319578,2.320129633
12:46:20,2.524676085,3.422932625,2.317742825
12:46:20,2.524824142,3.423435211,2.318628311
12:46:20,2.524174452,3.421943903,2.318368196
12:46:20,2.524499178,3.42231679,2.317820787
12:46:20,2.524740696,3.422531843,2.320542097
12:46:20,2.523555279,3.422740936,2.318789959
12:46:20,2.524184227,3.423695326,2.318846941
12:46:20,2.524871826,3.423485279,2.319242477
12:46:20,2.525002956,3.423017502,2.316231728
12:46:20,2.523957968,3.422489405,2.319713354
12:46:20,2.525103331,3.422266722,2.319354534
12:46:20,2.524696589,3.422696114,2.319066525
12:46:20,2.52451396,3.422782898,2.319284678
12:46:20,2.524727821,3.422893524,2.318917036
12:46:20,2.524472952,3.422696829,2.320104122
12:46:20,2.524442434,3.42312932,2.317722559
12:46:20,2.52356267,3.422262907,2.31658268
12:46:20,2.524517536,3.422091961,2.318580151
12:46:20,2.524078608,3.423036814,2.319333315
12:46:20,2.52487421,3.423122406,2.31943202
12:46:20,2.524520874,3.423100471,2.319677591
12:46:20,2.524399757,3.422858,2.318212509
12:46:20,2.524394274,3.422385693,2.317759037
12:46:20,2.523943424,3.423199177,2.31865406
12:46:20,2.524880648,3.42312026,2.319081783
12:46:20,2.52469039,3.422678471,2.319031715
12:46:20,2.525188684,3.422682285,2.31961441
12:46:20,2.524626255,3.422843695,2.318983316
12:46:20,2.52430439,3.42252636,2.318297863
12:46:20,2.524075747,3.42342639,2.317396641
12:46:20,2.524589062,3.422336578,2.319517851
12:46:20,2.524950981,3.422847033,2.319024086
12:46:20,2.524677753,3.423190594,2.318247795
12:46:20,2.524134159,3.421692371,2.319295406
12:46:20,2.524649382,3.422888756,2.318400383
12:46:20,2.524279594,3.422856331,2.31966877
12:46:20,2.524778128,3.42316246,2.318712711
12:46:20,2.524068356,3.422070026,2.316503048
12:46:20,2.523881912,3.422306061,2.319016457
12:46:20,2.524575472,3.422561169,2.319159985
12:46:20,2.524325371,3.422803879,2.318677902
12:46:20,2.523994923,3.423012018,2.318792105
12:46:20,2.524398565,3.424146891,2.317925453
12:46:20,2.524055243,3.423250914,2.320167542
12:46:20,2.524519682,3.422256231,2.31675005
12:46:20,2.524147749,3.422654629,2.317861319
12:46:20,2.523940563,3.422625065,2.319313526
12:46:20,2.523906708,3.422699213,2.320090771
12:46:20,2.524202347,3.422965765,2.31935358
12:46:20,2.525155783,3.422639608,2.317921162
12:46:20,2.524762392,3.423006058,2.31759882
12:46:20,2.524683714,3.42320919,2.318241358
12:46:20,2.524267197,3.422324896,2.318603992
12:46:20,2.524852514,3.422224283,2.318641186
12:46:20,2.524354696,3.422156811,2.319769621
12:46:21,2.523618698,3.422779083,2.320102453
12:46:21,2.524392128,3.422524452,2.318233967
12:46:21,2.524661303,3.422932386,2.317225695
12:46:21,2.523873091,3.422740936,2.317564487
12:46:21,2.524529219,3.422223806,2.318632364
12:46:21,2.524007082,3.422687531,2.320043802
12:46:21,2.523867846,3.422849417,2.318840981
12:46:21,2.524096251,3.422858,2.319076061
12:46:21,2.524756908,3.423269749,2.31859231
12:46:21,2.524378538,3.424288034,2.318333864
12:46:21,2.523825645,3.423302412,2.317528486
12:46:21,2.524618149,3.423761368,2.31870842
12:46:21,2.523884296,3.422692537,2.319025755
12:46:21,2.524667501,3.423110247,2.317946672
12:46:21,2.523875475,3.422389984,2.319106579
12:46:21,2.524339437,3.422239542,2.319788218
12:46:21,2.524770975,3.422299147,2.320110321
12:46:21,2.52483201,3.422330379,2.31848073
12:46:21,2.524341822,3.422689438,2.317144394
12:46:21,2.524546146,3.422552824,2.319604635
12:46:21,2.524246216,3.422460556,2.320159197
12:46:21,2.524121523,3.422319889,2.319136858
12:46:21,2.524211884,3.421549797,2.318809748
12:46:21,2.524377584,3.423492908,2.31838131
12:46:21,2.524997711,3.423326969,2.317692518
12:46:21,2.524450064,3.423237801,2.31769824
12:46:21,2.525266171,3.423334122,2.318155527
12:46:21,2.524300575,3.423048973,2.319191217
12:46:28,2.524154425,3.422393799,2.319568872
